teleportenabled: true
teleportauto: false
godmode: false
muted: false
jailed: false
ip-address: 127.203.179.246
afk: false
socialspy: false
npc: false
powertoolsenabled: true
accepting-pay: true
baltop-exempt: false
timestamps:
  lastteleport: 1667966721234
  lastheal: 0
  mute: 0
  jail: 0
  onlinejail: 0
  logout: 1667968201059
  login: 1667965283629
money: '0'
last-account-name: itan237
lastlocation:
  world: 79a2f67f-cb97-471f-a392-98dcb6182b84
  world-name: Servidor
  x: 199.52547968084767
  y: 78.0
  z: 327.4496909424969
  yaw: -56.99897384643555
  pitch: 25.20088005065918
nickname: §fitan237
logoutlocation:
  world: 79a2f67f-cb97-471f-a392-98dcb6182b84
  world-name: Servidor
  x: 168.81552759549345
  y: 63.0
  z: -171.26923923766827
  yaw: -143.308837890625
  pitch: 35.69984817504883
homes:
  fortalezasoulsand:
    world: 2bf54e6c-dc94-4912-a9b4-48765f4dc32f
    world-name: Servidor_nether
    x: -165.9102625287596
    y: 67.0
    z: -158.0003992706712
    yaw: 177.61920166015625
    pitch: 13.584233283996582
  seguir:
    world: 79a2f67f-cb97-471f-a392-98dcb6182b84
    world-name: Servidor
    x: 723.8147368321052
    y: 77.0
    z: -1003.6659668176721
    yaw: -95.25189208984375
    pitch: 26.784929275512695
  lejos:
    world: 79a2f67f-cb97-471f-a392-98dcb6182b84
    world-name: Servidor
    x: 2868.6726558131136
    y: 65.0
    z: 97.41652358454724
    yaw: 67.27581787109375
    pitch: 10.50009536743164
  desierto:
    world: 79a2f67f-cb97-471f-a392-98dcb6182b84
    world-name: Servidor
    x: -461.89749116074097
    y: 70.0
    z: 1145.069790617964
    yaw: -179.9282684326172
    pitch: 2.4927830696105957
