spawns:
  default:
    world: 79a2f67f-cb97-471f-a392-98dcb6182b84
    world-name: Servidor
    x: 164.76193752220004
    y: 63.0
    z: -169.89759804705088
    yaw: -57.07171630859375
    pitch: 4.409754753112793
